PositionX,PositionY,PositionZ,RotationX,RotationY,RotataionZ,Speed,SpeedX,SpeedY,SpeedZ
0.2061406,-1.020547,45.81611,43.69952,355.69,6.818818,12.86034,-2.208289,-2.131418,12.48875
0.161104,-1.062473,46.06537,43.69941,355.6901,6.819065,12.86031,-2.20833,-2.131272,12.48873
0.07102885,-1.146319,46.56389,43.6992,355.6904,6.819553,12.86026,-2.208405,-2.131023,12.48871
-0.06408826,-1.272074,47.31167,43.69888,355.6909,6.820292,12.86019,-2.208498,-2.130728,12.48868
-0.1091283,-1.313989,47.56093,43.69878,355.691,6.820536,12.86017,-2.208525,-2.130647,12.48867
-0.1541688,-1.355902,47.81019,43.69867,355.6912,6.820782,12.86016,-2.208551,-2.130573,12.48866
-0.2442512,-1.439726,48.3087,43.69845,355.6914,6.821271,12.86012,-2.208599,-2.130443,12.48864
-0.289293,-1.481637,48.55796,43.69835,355.6916,6.821516,12.86011,-2.208621,-2.130385,12.48863
-0.3793776,-1.565454,49.05647,43.69814,355.6919,6.822007,12.86008,-2.208662,-2.130282,12.48861
-0.4694637,-1.649269,49.55498,43.69793,355.6922,6.822497,12.86005,-2.208701,-2.130193,12.48859
-0.5595511,-1.73308,50.05349,43.69772,355.6925,6.822988,12.86003,-2.208736,-2.130115,12.48857
-0.6045952,-1.774985,50.30275,43.69761,355.6926,6.823233,12.86001,-2.208754,-2.13008,12.48856
-0.6946844,-1.858793,50.80126,43.6974,355.6929,6.823723,12.85999,-2.208787,-2.130014,12.48854
-0.8298204,-1.984501,51.54903,43.69708,355.6933,6.824458,12.85996,-2.208834,-2.129925,12.48852
-0.8748663,-2.026402,51.79829,43.69698,355.6935,6.824705,12.85995,-2.208849,-2.129898,12.48851
-0.9649589,-2.110203,52.2968,43.69675,355.6938,6.825195,12.85993,-2.208879,-2.129847,12.48849
-1.010006,-2.152103,52.54605,43.69666,355.6939,6.82544,12.85992,-2.208894,-2.129822,12.48848
-1.1001,-2.235902,53.04456,43.69645,355.6942,6.825933,12.8599,-2.208922,-2.129775,12.48846
-1.190195,-2.319699,53.54307,43.69624,355.6945,6.826422,12.85988,-2.208951,-2.12973,12.48845
-1.235243,-2.361597,53.79233,43.69613,355.6946,6.826666,12.85987,-2.208965,-2.129708,12.48844
-1.32534,-2.445392,54.29084,43.6959,355.6949,6.827157,12.85985,-2.208993,-2.129665,12.48842
-1.415438,-2.529185,54.78935,43.6957,355.6952,6.827647,12.85983,-2.209021,-2.129623,12.4884
-1.505537,-2.612977,55.28786,43.69548,355.6955,6.828137,12.85981,-2.209049,-2.129582,12.48839
-1.550586,-2.654872,55.53712,43.69539,355.6957,6.828382,12.85981,-2.209062,-2.129562,12.48838
-1.640687,-2.738661,56.03563,43.69517,355.696,6.828873,12.85979,-2.20909,-2.129522,12.48836
-1.730788,-2.822449,56.53415,43.69494,355.6963,6.829364,12.85977,-2.209117,-2.129482,12.48835
-1.82089,-2.906235,57.03266,43.69474,355.6965,6.829854,12.85975,-2.209144,-2.129443,12.48833
-1.865942,-2.948128,57.28191,43.69463,355.6967,6.8301,12.85974,-2.209157,-2.129423,12.48832
-1.956046,-3.031912,57.78043,43.69442,355.697,6.830594,12.85973,-2.209185,-2.12938,12.48831
-2.04615,-3.115694,58.27894,43.69422,355.6973,6.831087,12.85972,-2.209214,-2.129337,12.4883
-2.136256,-3.199475,58.77745,43.694,355.6976,6.831583,12.85971,-2.209244,-2.129291,12.4883
-2.181309,-3.241364,59.02671,43.6939,355.6977,6.831831,12.85971,-2.209259,-2.129268,12.4883
-2.226363,-3.283253,59.27596,43.69379,355.6978,6.832078,12.85971,-2.209274,-2.129244,12.4883
-2.316471,-3.36703,59.77448,43.69358,355.6982,6.832577,12.8597,-2.209304,-2.129196,12.48829
-2.361525,-3.408918,60.02373,43.69347,355.6983,6.832828,12.8597,-2.209319,-2.129172,12.48829
-2.49669,-3.534578,60.7715,43.69315,355.6987,6.833581,12.85969,-2.209365,-2.129097,12.48829
-2.580885,-3.63864,61.24148,27.4162,358.11,8.250448,12.52103,-2.104501,-2.571776,12.072
-2.621811,-3.690489,61.46638,24.06193,358.5081,8.423535,11.96949,-2.004629,-2.692898,11.48905
-2.70427,-3.786071,61.9112,23.8293,358.5349,8.434793,11.62984,-1.995792,-2.475422,11.18671
-2.788252,-3.869599,62.35404,23.8285,358.5351,8.435215,11.50207,-2.029163,-2.186576,11.10851
-2.831042,-3.906048,62.57597,23.82838,358.5351,8.435411,11.48084,-2.050506,-2.039128,11.11067
-2.918855,-3.965397,63.02422,23.82815,358.5352,8.43581,11.51625,-2.117999,-1.613713,11.2042
-3.009768,-4.005593,63.47976,23.82792,358.5353,8.436211,11.64412,-2.19446,-1.146119,11.37788
-3.056418,-4.017985,63.71055,23.82781,358.5354,8.436413,11.72705,-2.231746,-0.9129248,11.47648
-3.152419,-4.025077,64.17979,23.82758,358.5355,8.436812,11.93846,-2.319661,-0.339833,11.706
-3.251836,-4.008371,64.65918,23.82735,358.5356,8.437218,12.20308,-2.406058,0.2507683,11.96091
-3.302768,-3.990901,64.90252,23.82723,358.5356,8.437419,12.34189,-2.445348,0.5352725,12.08536
-3.407286,-3.936029,65.39757,23.82701,358.5357,8.437828,12.66035,-2.533393,1.193139,12.34678
-3.51495,-3.855634,65.90283,23.82678,358.5359,8.438235,13.00893,-2.614498,1.83573,12.61058
-3.569899,-3.805799,66.15899,23.82666,358.5359,8.438439,13.17665,-2.649357,2.134768,12.7298
-3.739645,-3.614716,66.94424,23.82632,358.5361,8.439058,13.79713,-2.772252,3.170619,13.13859
-3.855844,-3.456992,67.47818,23.82609,358.5362,8.439471,14.15469,-2.833006,3.781029,13.3429
-3.914768,-3.369232,67.74778,23.82598,358.5362,8.439681,14.31813,-2.857609,4.055948,13.43102
-4.034312,-3.175836,68.29292,23.82575,358.5363,8.440097,14.69556,-2.917403,4.676126,13.62285
-4.155723,-2.960364,68.84456,23.82551,358.5364,8.440516,15.04967,-2.966285,5.238246,13.79328
-4.217029,-2.844805,69.12238,23.8254,358.5365,8.440724,15.20726,-2.98491,5.486141,13.86554
-4.340605,-2.599513,69.68156,23.82517,358.5366,8.441146,15.52581,-3.024041,6.002493,13.99557
-4.464684,-2.339615,70.24242,23.82494,358.5367,8.441566,15.74158,-3.04136,6.394312,14.05917
-4.526728,-2.205364,70.52267,23.82483,358.5367,8.441776,15.80801,-3.043294,6.551355,14.06098
-4.712468,-1.78943,71.36094,23.82448,358.5369,8.442406,15.9152,-3.036249,6.911815,14.01077
-4.774202,-1.647237,71.63935,23.82436,358.5369,8.442616,15.9324,-3.031836,7.003835,13.98555
-4.835838,-1.503607,71.91723,23.82425,358.537,8.442826,15.94417,-3.027054,7.085041,13.95907
-5.020166,-1.065621,72.74778,23.82391,358.5371,8.443457,15.95947,-3.01243,7.277233,13.88062
-5.081428,-0.9176784,73.02368,23.82379,358.5372,8.443666,15.9606,-3.007831,7.327629,13.85639
-5.20371,-0.619472,73.57422,23.82357,358.5373,8.444088,15.95981,-2.999357,7.412644,13.81203
-5.325707,-0.3186939,74.12327,23.82334,358.5374,8.444509,15.95677,-2.991952,7.480509,13.77348
-5.447461,-0.0158539,74.67106,23.8231,358.5375,8.444928,15.95278,-2.985611,7.534884,13.74056
-5.508259,0.1362092,74.94454,23.82022,358.5087,8.443145,15.95067,-2.982818,7.557919,13.72606
-5.624623,0.4426811,75.49201,23.7894,358.1905,356.0189,15.94774,-3.00268,7.594014,13.69837
-5.673444,0.5974277,75.76691,23.75614,357.8473,357.3423,15.96519,-2.696263,7.653895,13.74901
-5.758591,0.909631,76.31857,23.64683,356.7278,359.7085,15.98439,-2.147099,7.748103,13.81512
-5.876112,1.383543,77.1473,23.36918,353.9445,2.682888,16.04538,-1.885299,7.870937,13.85454
-5.917599,1.542774,77.4228,23.24646,352.7397,3.432071,16.05335,-1.938947,7.903027,13.83808
-6.011866,1.862473,77.97029,22.95793,349.9613,6.351489,16.0552,-2.157685,7.966377,13.77137
-6.132417,2.182856,78.50901,22.62995,346.8838,8.09766,15.99598,-2.756602,7.993104,13.57876
-6.205156,2.343165,78.77383,22.46352,345.3506,9.784784,15.95115,-3.151592,7.996527,13.43734
-6.495229,2.818852,79.53649,21.99304,341.1026,13.0981,15.75333,-4.779301,7.920633,12.75105
-6.617272,2.975539,79.7786,21.85184,339.8489,13.05855,15.6899,-5.429605,7.866911,12.44203
-6.895146,3.287973,80.24566,21.59783,337.6145,12.99317,15.67032,-6.619556,7.816284,11.85943
-7.049461,3.444058,80.47073,21.48536,336.6328,12.96782,15.6908,-7.157261,7.808414,11.57598
-7.213046,3.600188,80.69022,21.3824,335.7378,12.94653,15.72142,-7.657367,7.807181,11.29494
-7.75251,4.069288,81.31591,21.12668,333.528,12.90151,15.83576,-8.943435,7.823331,10.46813
-7.946435,4.225955,81.51388,21.05744,332.9327,12.89125,15.87427,-9.305814,7.831434,10.20113
-8.562606,4.696857,82.07804,20.88987,331.4962,12.86979,15.97816,-10.21943,7.85596,9.44186
-8.777827,4.854099,82.25678,20.84553,331.1171,12.86493,16.00792,-10.47248,7.863401,9.205851
-9.220457,5.16893,82.60152,20.77107,330.4812,12.85756,16.05984,-10.91239,7.876581,8.763433
-9.447129,5.326497,82.76792,20.74002,330.2163,12.85479,16.08217,-11.10272,7.88228,8.557774
-9.909579,5.641881,83.08988,20.68825,329.7749,12.8506,16.12024,-11.43213,7.891968,8.178342
-10.38234,5.95754,83.39876,20.6479,329.4312,12.84774,16.15054,-11.7027,7.899614,7.841103
-10.84956,6.278627,83.70779,20.6166,329.1647,2.751085,16.13086,-11.76582,7.946844,7.656225
-11.07343,6.443738,83.86951,20.60373,329.0551,359.9418,16.10588,-11.47543,8.101482,7.879069
-11.49417,6.781696,84.21068,20.58251,328.8746,353.2628,15.99733,-10.72355,8.381117,8.406961
-11.87466,7.126951,84.57645,20.56617,328.7359,353.2622,15.78053,-9.682555,8.572905,9.043147
-12.05194,7.301888,84.76724,20.55948,328.6792,353.262,15.71397,-9.221905,8.655559,9.325597
-12.54081,7.833837,85.36495,20.54405,328.5485,353.2618,15.61372,-8.077687,8.851523,10.00949
-12.69149,8.012993,85.5711,20.54015,328.5155,353.2618,15.59695,-7.761803,8.899867,10.1888
-12.97756,8.373272,85.99149,20.53378,328.4616,353.2619,15.57411,-7.211319,8.975543,10.48758
-13.37494,8.917183,86.63788,20.52695,328.4041,353.2622,15.55306,-6.557049,9.049456,10.81712
-13.50043,9.099135,86.85664,20.52854,328.4178,353.2625,15.54786,-6.377382,9.066521,10.90244
-13.74273,9.463706,87.29806,20.56222,328.7046,353.2651,15.53907,-6.065776,9.092583,11.04509
-13.85997,9.64623,87.52051,20.60042,329.0299,353.268,15.53516,-5.929388,9.101944,11.10578
-14.08728,10.01149,87.96862,20.7268,330.1078,353.2789,15.52803,-5.681457,9.112869,11.2159
-14.30273,10.37634,88.42229,20.92142,331.7726,350.7509,15.52156,-5.427931,9.10967,11.33447
-14.49889,10.73886,88.88481,21.18017,333.9986,348.8334,15.49329,-4.98877,9.058224,11.53702
-14.58765,10.91872,89.12025,21.33118,335.3059,347.2839,15.47275,-4.700674,9.013221,11.66497
-14.80644,11.37014,89.79688,21.81763,339.5679,343.9011,13.97272,-3.575241,7.449329,11.26775
-14.86409,11.50135,90.01514,21.97465,340.9636,342.3049,13.4465,-3.195,6.947258,11.06056
-14.91489,11.61895,90.22941,22.12429,342.3044,341.192,13.05118,-2.825321,6.518645,10.94798
-14.98987,11.8203,90.64922,41.9948,341.7068,323.9478,11.97346,-2.150696,5.306295,10.51577
-15.00011,11.95024,91.08012,42.46249,343.8333,317.6559,11.33412,-0.7079644,3.66716,10.70108
-14.92863,11.99885,91.51966,42.66021,345.6729,313.8051,11.18433,1.287286,1.642641,10.9879
-14.77535,11.9689,91.95474,42.82149,347.1996,311.873,11.46723,3.372749,-0.3646994,10.95394
-14.55251,11.87164,92.37494,42.95161,348.4472,311.9243,12.02821,5.215908,-2.139249,10.62524
-14.2772,11.72285,92.77513,43.05549,349.4542,311.9875,12.62069,6.629025,-3.524906,10.1446
-14.12449,11.6336,92.96716,43.09904,349.8795,312.015,12.87674,7.186204,-4.07443,9.877651
-13.79611,11.43242,93.33559,43.172,350.5964,312.0624,13.294,8.063156,-4.941094,9.343532
-13.44426,11.20816,93.6849,43.2292,351.1625,312.1008,13.59929,8.696898,-5.565483,8.850429
-13.07532,10.96732,94.01774,43.27376,351.6066,312.1315,13.81842,9.157319,-6.014373,8.421375
-12.69383,10.71452,94.33682,43.30834,351.953,312.156,13.97483,9.494762,-6.337668,8.06097
-12.49943,10.58472,94.492,43.32257,352.0961,312.1662,14.03534,9.628839,-6.463899,7.905326
-12.30304,10.45308,94.64465,43.33506,352.222,312.1753,14.0865,9.744455,-6.571323,7.764841
-11.70432,10.04969,95.08994,43.36401,352.5155,312.1967,14.19791,10.00637,-6.80739,7.423777
-11.09518,9.637392,95.52058,43.3834,352.7135,312.2115,14.26676,10.17899,-6.954649,7.180626
-10.89045,9.498595,95.66165,43.38828,352.7638,312.2153,14.28328,10.22256,-6.990322,7.116661
-10.49525,9.232396,95.95431,43.39625,352.8463,326.2792,14.12117,10.05577,-6.871607,7.146321
-10.13668,8.993891,96.28274,43.40229,352.9092,338.9959,13.72076,9.294616,-6.219305,7.949182
-9.976956,8.885931,96.4636,43.40472,352.9349,349.3424,13.50293,8.711852,-5.832948,8.509381
-9.702901,8.690232,96.8592,43.40865,352.9767,349.3459,13.09444,7.24124,-5.0984,9.645477
-9.481902,8.49264,97.25754,27.14004,355.4643,350.7814,12.74858,5.847281,-5.034659,10.1483
-9.287347,8.308317,97.64479,23.56811,355.92,350.9685,11.93815,5.027861,-4.741656,9.734303
-9.107647,8.140123,98.03239,23.55752,355.9391,350.9706,11.59902,4.634914,-4.343073,9.705287
-8.939764,7.991017,98.4265,23.55859,355.9525,350.9719,11.41986,4.323914,-3.887529,9.828733
-8.859709,7.923817,98.62723,23.55902,355.9579,350.9724,11.39447,4.187307,-3.653299,9.947551
-8.632564,7.75876,99.25008,23.55989,355.9702,350.9738,11.45425,3.843715,-2.78956,10.42324
-8.491114,7.680056,99.68305,23.56024,355.976,350.9746,11.571,3.642601,-2.16715,10.76676
-8.356808,7.628672,100.131,23.56045,355.9804,350.9753,11.76169,3.460453,-1.492955,11.14153
-8.292167,7.613583,100.3604,23.56051,355.9821,350.9756,11.87498,3.371892,-1.161731,11.32678
-8.167476,7.605955,100.8306,23.56058,355.985,350.9762,12.14073,3.214872,-0.4105474,11.70014
-7.99095,7.652435,101.5635,23.56054,355.9881,350.977,12.64567,3.000933,0.7408524,12.26207
-7.934788,7.682569,101.8141,23.56051,355.9888,350.9773,12.80396,2.930108,1.090722,12.41636
-7.772876,7.819973,102.5858,23.56034,355.9906,350.978,13.39327,2.757416,2.257958,12.91039
-7.721064,7.880025,102.8485,23.56028,355.9911,350.9782,13.57241,2.699604,2.598572,13.04492
-7.620144,8.021852,103.3822,23.56013,355.9918,350.9787,13.97055,2.605051,3.33723,13.31363
-7.522686,8.190143,103.9252,23.55996,355.9924,350.9791,14.36234,2.516743,4.01372,13.5585
-7.42808,8.384802,104.4767,23.55978,355.9929,350.9796,14.74483,2.441705,4.672643,13.77005
-7.336121,8.603362,105.0357,23.5596,355.9932,350.98,15.12666,2.374571,5.287894,13.97196
-7.246581,8.84341,105.6001,23.5594,355.9935,350.9805,15.45064,2.312444,5.839131,14.11663
-7.159564,9.100085,106.167,23.5592,355.9938,350.9809,15.69273,2.249662,6.284452,14.20234
-7.074986,9.369342,106.7335,23.559,355.994,350.9814,15.82451,2.18752,6.620296,14.20569
-6.992608,9.648247,107.2984,23.55879,355.9942,350.9818,15.89416,2.130776,6.877081,14.17003
-6.912145,9.934639,107.8611,23.55859,355.9944,350.9822,15.92905,2.0811,7.075861,14.11863
-6.833323,10.2269,108.4217,23.54524,355.8611,350.9741,15.94458,2.038642,7.231297,14.0635
-6.756129,10.52383,108.9802,23.49009,355.3058,350.9393,15.94957,1.999566,7.354542,14.01075
-6.68119,10.82466,109.537,23.37839,354.1889,350.8708,15.94928,1.949525,7.456157,13.96369
-6.644969,10.9764,109.8147,23.29952,353.4076,350.8241,15.94813,1.914479,7.501903,13.9427
-6.544242,11.43666,110.6459,22.97039,350.2099,350.6453,15.94263,1.7425,7.631213,13.88869
-6.514319,11.5918,110.9223,22.83089,348.8822,350.5769,15.94023,1.656892,7.674511,13.87254
-6.461985,11.90485,111.4741,22.51038,345.8857,350.4355,15.9343,1.435709,7.765521,13.8397
-6.422055,12.22192,112.0242,22.13904,342.4949,350.2975,15.9263,1.143724,7.865821,13.80101
-6.407638,12.38212,112.2984,21.9362,340.6736,350.2332,15.92126,0.9706972,7.920418,13.7772
-6.390678,12.87018,113.1165,21.26898,334.8017,350.0738,15.90032,0.3470982,8.104634,13.67532
-6.404377,13.20245,113.6564,20.78385,330.616,350.0053,15.87962,-0.1487205,8.244999,13.57057
-6.419546,13.37084,113.9241,20.53182,328.4597,349.985,15.86651,-0.4177088,8.320175,13.50356
-6.500899,13.88567,114.7153,19.74833,321.7941,349.9861,15.81203,-1.293822,8.562499,13.22989
-6.586549,14.23726,115.2297,19.2116,317.225,350.0428,15.759,-1.921012,8.734018,12.97586
-6.698168,14.59567,115.7305,18.67092,312.5841,350.1467,15.68848,-2.567872,8.908792,12.65575
-6.835867,14.96079,116.215,18.13241,307.8899,350.2984,15.59714,-3.220944,9.082242,12.26414
-6.999217,15.33234,116.68,17.60178,303.1566,350.4977,15.48248,-3.866644,9.249814,11.79819
-7.187273,15.70989,117.1227,17.08438,298.3951,350.7439,15.34339,-4.491853,9.407442,11.25802
-7.288491,15.89203,117.3322,16.8322,296.0063,350.8841,15.2648,-4.792953,9.48149,10.96098
-7.60952,16.41697,117.9144,16.10864,288.8176,351.37,14.11586,-5.286054,8.746828,9.736949
-7.827985,16.71538,118.2601,31.97102,282.2287,351.018,13.03362,-5.469789,7.795893,8.898355
-7.827985,16.71538,118.2601,31.97102,282.2287,351.018,13.03362,-5.469789,7.795893,8.898355
-8.20745,17.09223,118.7359,34.96389,274.8185,351.5324,11.95149,-6.277508,6.316041,7.971111
-8.692629,17.38929,119.1621,34.45105,267.8964,352.3868,11.87356,-8.061184,4.988247,7.149556
-8.874008,17.47312,119.2901,34.29902,265.5929,352.6869,11.87184,-8.568266,4.602795,6.807329
-9.260782,17.6209,119.5215,34.02517,260.9913,353.3067,11.86738,-9.44418,3.905286,6.032481
-9.673942,17.74515,119.7172,33.79316,256.3964,353.9497,11.85084,-10.14496,3.2992,5.161154
-9.888474,17.79949,119.8009,33.69333,254.1011,354.2786,11.83777,-10.43504,3.028265,4.698123
-10.55564,17.93595,119.9927,33.46045,247.222,355.2888,11.78657,-11.09185,2.331698,3.233775
-10.78382,17.97369,120.0363,33.40545,244.9307,355.6316,11.76773,-11.24644,2.134458,2.727873
-11.24546,18.03934,120.0924,33.32995,240.3498,356.3234,11.73068,-11.46882,1.785323,1.699313
-11.71061,18.09354,120.1068,33.30082,235.7697,357.0199,11.69691,-11.58315,1.489032,0.656594
-12.17527,18.13801,120.0792,33.31826,231.1891,357.717,11.6683,-11.59591,1.237108,-0.3921809
-12.63556,18.17418,120.0098,33.38219,226.6064,358.4105,11.64588,-11.51124,1.022014,-1.439945
-12.86289,18.18953,119.9595,33.4315,224.3136,358.7547,11.63713,-11.4332,0.9261904,-1.961343
-13.30957,18.21537,119.8281,33.56436,219.7245,359.4353,11.62463,-11.20685,0.7543231,-2.994943
-13.74256,18.23544,119.6564,33.74223,215.129,0.1021373,11.61871,-10.88785,0.6045582,-4.01043
-14.1582,18.25044,119.4454,33.96405,210.5253,0.7512025,11.61909,-10.4774,0.4724258,-5.000424
-14.55291,18.26089,119.1966,34.22844,205.9115,1.378487,11.62544,-9.976899,0.3541085,-5.9571
-14.74131,18.26455,119.0585,34.37614,203.6002,1.68272,11.63074,-9.693462,0.2990919,-6.420388
-15.26567,18.26973,118.5927,34.87828,196.6455,2.55191,11.65453,-8.714364,0.1463439,-7.737347
-15.57713,18.26863,118.2422,35.25968,191.989,3.090313,11.67657,-7.958816,0.05172066,-8.543819
-15.85456,18.26406,117.8629,35.67566,187.314,3.591459,11.70322,-7.126489,-0.03956227,-9.283153
-15.97963,18.26049,117.6633,35.89579,184.9688,3.826908,11.7182,-6.683355,-0.0845025,-9.625065
-16.20094,18.2505,117.247,36.35858,180.2614,4.265304,11.74863,-5.747497,-0.1784073,-10.24523
-16.29662,18.24398,117.0312,36.6005,177.8986,4.46737,11.75944,-5.257179,-0.2300077,-10.51635
-16.45697,18.22766,116.5872,37.10343,173.1532,4.835101,11.77384,-4.240431,-0.3403347,-10.97845
-16.61758,18.19438,115.8979,37.89918,165.9808,5.289532,11.78624,-2.649057,-0.5228039,-11.47278
-16.64939,18.18077,115.664,38.17368,163.5742,5.413525,11.7895,-2.106785,-0.5878628,-11.58482
-16.6801,18.14955,115.1931,38.71899,158.8625,5.61348,11.79619,-1.012692,-0.7237871,-11.73033
-16.64457,18.09233,114.4867,39.46104,152.5392,5.790696,11.81272,0.6240765,-0.9390146,-11.75879
-16.64457,18.09233,114.4867,39.46104,152.5392,5.790696,11.81272,0.6240765,-0.9390146,-11.75879
-16.54188,17.99825,113.8189,20.48257,144.2727,4.246754,11.2806,1.765531,-1.624808,-11.02247
-16.45156,17.93649,113.3917,20.5724,141.4922,4.221863,11.03563,2.193397,-1.569278,-10.70101
-16.34127,17.88368,112.9717,20.83454,139.236,4.197883,10.92056,2.672035,-1.377249,-10.49867
-16.27796,17.86124,112.7638,20.94622,138.2729,4.184264,10.90932,2.940589,-1.26091,-10.42959
-16.13284,17.82892,112.3502,21.13536,136.6354,4.15645,10.94022,3.518227,-0.9060948,-10.31938
-15.96166,17.81491,111.9387,21.28542,135.3293,4.13004,11.08564,4.163127,-0.4659747,-10.26366
-15.76378,17.82118,111.5292,21.40361,134.2958,4.106465,11.30002,4.829308,0.02921523,-10.21603
-15.53857,17.85086,111.1214,21.4961,133.4836,4.086256,11.58054,5.506543,0.5936625,-10.17027
-15.28591,17.90573,110.7151,21.56811,132.8489,4.0694,11.94032,6.196671,1.214531,-10.13397
-15.1496,17.94298,110.5127,21.59781,132.5865,4.062148,12.13504,6.534216,1.518824,-10.11219
-14.85687,18.03891,110.1093,21.64687,132.1522,4.049757,12.57623,7.204262,2.225437,-10.06516
-14.37053,18.23668,109.5083,21.70016,131.6788,4.035643,13.31719,8.166339,3.29974,-9.988503
-14.19729,18.31621,109.3099,21.71372,131.5581,4.031922,13.53644,8.444423,3.619665,-9.941072
-13.83509,18.49642,108.9157,21.73595,131.3598,4.025677,14.01384,8.980208,4.336759,-9.845618
-13.45469,18.70251,108.5262,21.75291,131.208,4.020751,14.46406,9.456314,4.99789,-9.736956
-13.05811,18.93495,108.1416,21.76583,131.0921,4.016878,14.88888,9.867196,5.652634,-9.610672
-12.64806,19.1909,107.7624,21.77563,131.0038,4.013813,15.29047,10.2289,6.261727,-9.484666
-12.22757,19.46838,107.3893,21.78306,130.9367,4.011384,15.61388,10.50396,6.810721,-9.331352
-12.01417,19.61452,107.2051,21.78924,130.881,4.00949,15.75102,10.61892,7.049513,-9.254045
-11.58298,19.91845,106.8421,21.82923,130.5236,3.997986,15.98788,10.80055,7.504824,-9.09055
-11.14852,20.23403,106.4871,21.92415,129.6736,3.970066,16.0942,10.8962,7.821263,-8.895165
-10.71201,20.55776,106.141,22.08214,128.25,3.920175,16.12003,10.94959,8.042586,-8.676335
-10.49296,20.72183,105.9716,22.18456,127.3207,3.885389,16.11597,10.97398,8.125557,-8.559883
-10.05259,21.05302,105.6405,22.43242,125.0477,3.792885,16.09015,11.03671,8.247045,-8.310849
-9.383387,21.55417,105.1658,22.89407,120.708,3.587323,16.03465,11.19875,8.340417,-7.882613
-8.928789,21.88906,104.8663,23.24582,117.2878,3.39914,15.99783,11.36422,8.35585,-7.547513
-8.698263,22.0563,104.7224,23.4306,115.4434,3.288332,15.98077,11.46453,8.351912,-7.361745
-8.229748,22.38974,104.4478,23.81099,111.523,3.031754,15.94998,11.69735,8.323885,-6.948874
-7.991423,22.55571,104.3176,24.00392,109.4605,2.885604,15.93623,11.82787,8.300901,-6.720111
-7.506015,22.88569,104.0734,24.3889,105.1612,2.557224,15.91157,12.11062,8.239487,-6.214661
-6.755119,23.37454,103.752,24.94697,98.35381,1.975761,15.87987,12.56544,8.11555,-5.330838
-6.49875,23.5356,103.6583,25.12369,96.00683,1.759071,15.87021,12.7184,8.067486,-5.002145
-5.977333,23.85461,103.4928,25.45766,91.21822,1.293394,15.85165,13.01581,7.963757,-4.29445
-5.445271,24.16926,103.3589,25.76047,86.32368,0.7875924,15.83373,13.29042,7.852686,-3.52237
-5.175714,24.3249,103.3045,25.89846,83.84331,0.520933,15.82494,13.4151,7.795439,-3.113656
-4.630731,24.63278,103.2221,26.14459,78.82767,359.963,15.80771,13.63171,7.679592,-2.254767
-3.802885,25.08629,103.1678,26.43186,71.19492,359.0741,15.78329,13.85518,7.508458,-0.8771039
-3.525464,25.23534,103.169,26.50416,68.62799,358.7668,15.77571,13.8981,7.453656,-0.3983642
-2.970566,25.53048,103.201,26.61177,63.46826,358.1397,15.76166,13.93112,7.349552,0.5813251
-2.418157,25.822,103.2732,26.6686,58.28172,357.5012,15.74932,13.88897,7.254922,1.582323
-1.871447,26.11039,103.3859,26.67353,53.07654,356.8574,15.73879,13.76737,7.172037,2.594404
-1.333741,26.39619,103.539,26.62607,47.85975,356.2142,15.72997,13.56355,7.102821,3.607216
-1.06931,26.53831,103.6306,26.58271,45.24893,355.8948,15.72612,13.43034,7.073846,4.110668
-0.2987034,26.96251,103.9643,26.37501,37.41499,354.9541,15.71624,12.90534,7.0114,5.59399
-0.05076462,27.10347,104.0946,26.28036,34.80518,354.6488,15.71332,12.689,6.999179,6.075308
0.4293258,27.38529,104.3829,26.05406,29.591,354.0545,15.70777,12.19598,6.988258,7.01117
1.104337,27.80909,104.8806,25.62596,21.79002,353.2137,15.69968,11.31236,7.006796,8.331596
1.520154,28.09345,105.2527,25.28504,16.60723,352.6938,15.69437,10.63408,7.043067,9.144662
1.716422,28.23644,105.4501,25.09901,14.02218,356.64,15.6918,10.27032,7.068482,9.528363
2.077337,28.52624,105.8694,24.69775,8.865804,358.4743,15.66433,9.360483,7.164105,10.31641
2.391291,28.82212,106.3191,24.26042,3.729132,1.134778,15.63461,8.228936,7.316675,11.09918
2.528733,28.9726,106.554,24.02938,1.168575,1.796571,15.60711,7.586778,7.400835,11.45646
2.850787,29.43414,107.2899,23.32714,353.8649,4.738807,15.48629,5.425509,7.663275,12.31517
2.983336,29.75016,107.798,22.8921,349.6138,7.183074,15.39987,3.814495,7.844747,12.69117
3.054292,30.04156,108.2954,22.50497,345.9612,9.175109,14.80937,2.166517,7.425571,12.62872
3.072826,30.16899,108.5327,22.33166,344.3588,10.72873,14.31029,1.498996,7.11938,12.32281
3.08628,30.39162,108.9802,22.02599,341.5748,12.85484,12.83072,0.5954512,5.807779,11.42552
3.050429,30.64358,109.595,41.25483,335.2277,31.20877,11.14722,-0.3973354,4.211662,10.31332
3.006593,30.70218,109.7848,41.37531,334.31,31.37978,10.60586,-1.127926,3.714548,9.869865
2.7578,30.79193,110.3172,41.14826,332.2135,31.34582,9.930693,-4.134945,1.506847,8.902264
2.640232,30.79647,110.4824,41.08521,331.6642,31.33612,9.997872,-5.025314,0.857978,8.600438
2.361888,30.77301,110.7935,40.97949,330.746,31.32177,10.34514,-6.589456,-0.3008018,7.969348
2.035774,30.71214,111.0777,40.8966,330.0282,31.31223,10.80277,-7.856154,-1.279345,7.303695
1.672827,30.62061,111.3353,40.83198,329.4698,31.30588,11.24606,-8.840759,-2.085207,6.63075
1.282314,30.50452,111.5673,40.78183,329.0372,31.30166,11.62259,-9.581837,-2.734181,5.983088
0.8715641,30.369,111.7761,40.74309,328.7035,31.29887,11.92165,-10.12766,-3.248478,5.385507
0.4549919,30.22024,111.9725,40.71326,328.4468,19.84596,12.11004,-10.44903,-3.598279,4.952096
0.06370226,30.05985,112.1671,40.69036,328.2501,7.471511,11.78334,-9.984261,-3.875532,4.913445
-0.3156487,29.91718,112.3868,40.67284,328.0997,7.470829,11.31802,-9.381433,-3.621143,5.193605
-0.699192,29.78438,112.6516,40.65947,327.985,7.47047,11.99042,-9.549417,-3.385264,6.4124
-1.079245,29.66229,112.9489,40.64928,327.8978,7.47035,12.37287,-9.495743,-3.117406,7.293863
-1.452213,29.55041,113.2694,40.64154,327.8317,7.470403,12.56876,-9.33127,-2.856204,7.921063
-1.817071,29.44757,113.6066,40.63566,327.7816,7.470572,12.66046,-9.129657,-2.621717,8.370375
-1.996523,29.39913,113.7799,40.63327,327.7614,7.470702,12.68414,-9.028157,-2.516906,8.546632
-2.524182,29.26374,114.3143,40.62785,327.7152,7.47118,12.71125,-8.749685,-2.252414,8.941231
-2.696915,29.22143,114.4962,40.62648,327.7037,7.471369,12.71255,-8.66871,-2.179667,9.039439
-3.184258,29.10197,115.0634,40.62337,327.6777,344.6283,12.62264,-8.091225,-2.011514,9.47718
-3.460351,29.00224,115.4386,40.63707,327.7962,340.7625,12.19287,-7.142115,-2.477407,9.566547
-3.583662,28.94841,115.6202,40.66071,328,337.5727,11.63546,-6.579588,-2.577946,9.243768
-3.895465,28.77281,116.18,40.78599,329.0817,330.6664,11.0499,-5.151851,-2.951223,9.319281
-4.066606,28.63958,116.574,40.88581,329.946,343.1522,11.24283,-4.31367,-3.235894,9.865217
-4.148521,28.57685,116.7768,40.9353,330.3754,343.1582,11.27771,-4.160105,-3.496122,9.882181
-4.394114,28.3969,117.4338,41.07194,331.5647,343.1776,12.1191,-4.061354,-3.038101,11.00673
-4.473893,28.34031,117.6628,41.11216,331.9159,343.184,12.32799,-4.014364,-2.953582,11.27566
-4.628519,28.2323,118.1289,41.18376,332.5423,343.1964,12.55933,-3.86727,-2.778921,11.62147
-4.847089,28.08166,118.8401,41.26978,333.2973,343.2128,12.67295,-3.600559,-2.546411,11.88088
-4.916449,28.03399,119.0791,41.29326,333.5039,343.2176,12.68397,-3.512033,-2.481085,11.93285
-5.050307,27.94173,119.5591,41.33339,333.8577,343.2262,12.69034,-3.343921,-2.3688,12.01049
-5.178227,27.85291,120.0413,41.3656,334.1423,343.2334,12.68748,-3.191275,-2.278525,12.06632
-5.300887,27.76681,120.525,41.39124,334.3691,343.2394,12.68195,-3.055551,-2.206675,12.10892
-5.418947,27.68287,121.0101,41.41145,334.5484,343.2444,12.67628,-2.936556,-2.149799,12.14261
-5.533024,27.60062,121.4961,41.4273,334.6893,343.2485,12.6713,-2.833316,-2.104908,12.16978
-5.643683,27.51972,121.983,41.43965,334.7994,343.2518,12.66718,-2.744498,-2.069532,12.19189
-5.69789,27.47968,122.2268,41.44474,334.8449,343.2533,12.66542,-2.70504,-2.054773,12.20138
-5.856694,27.36086,122.9588,41.4566,334.9513,343.2568,12.66121,-2.604232,-2.019756,12.22476
-5.959879,27.2825,123.4474,41.46228,335.0025,343.2587,12.65911,-2.549862,-2.002503,12.23688
-6.010796,27.24352,123.6919,41.4646,335.0235,343.2595,12.65823,-2.526017,-1.995308,12.24209
-6.161286,27.12721,124.4258,41.46994,335.0722,343.2616,12.65611,-2.465982,-1.978235,12.2549
-6.210803,27.08862,124.6705,41.47129,335.0846,343.2621,12.65555,-2.449335,-1.973776,12.25839
-6.357789,26.97322,125.4051,41.47434,335.1132,343.2637,12.65422,-2.407735,-1.963186,12.26694
-6.4547,26.89655,125.895,41.47577,335.1267,343.2646,12.65355,-2.385876,-1.957958,12.27136
-6.502891,26.85827,126.1401,41.47634,335.1323,343.265,12.65326,-2.376423,-1.955775,12.27325
-6.598818,26.78182,126.6302,41.47726,335.1413,343.2657,12.65278,-2.360063,-1.952111,12.27649
-6.741777,26.66734,127.3656,41.47821,335.1511,343.2668,12.65224,-2.34084,-1.948006,12.28027
-6.789228,26.62922,127.6107,41.47842,335.1536,343.2671,12.6521,-2.335607,-1.946929,12.28129
-6.931098,26.51496,128.3463,41.4789,335.1593,343.2681,12.65175,-2.322737,-1.944358,12.28378
-6.978253,26.4769,128.5915,41.47903,335.1608,343.2684,12.65166,-2.319249,-1.943682,12.28445
-7.072398,26.40081,129.082,41.47919,335.1632,343.269,12.6515,-2.313262,-1.942541,12.2856
-7.213279,26.28674,129.8178,41.47934,335.1659,343.2698,12.65133,-2.306318,-1.941251,12.28693
-7.260167,26.24873,130.0631,41.47936,335.1666,343.2701,12.65128,-2.304447,-1.94091,12.28728
-7.353854,26.17272,130.5537,41.47938,335.1678,343.2707,12.6512,-2.301247,-1.940331,12.28789
-7.447444,26.09673,131.0443,41.47939,335.1689,343.2712,12.65114,-2.298659,-1.939866,12.28838
-7.540953,26.02076,131.5349,41.47938,335.1697,343.2718,12.65109,-2.296568,-1.939492,12.28878
-7.634398,25.9448,132.0255,41.47935,335.1704,343.2723,12.65105,-2.294883,-1.939188,12.2891
-7.727791,25.86884,132.5161,41.4793,335.171,343.2728,12.65101,-2.293526,-1.93894,12.28936
-7.821144,25.7929,133.0068,41.47926,335.1715,343.2734,12.65098,-2.292436,-1.938737,12.28957
-7.867807,25.75493,133.2521,41.47923,335.1717,343.2737,12.65097,-2.291975,-1.938649,12.28965
-8.007756,25.64103,133.9881,41.47914,335.1724,343.2744,12.65094,-2.290864,-1.938429,12.28987
-8.101027,25.5651,134.4787,41.47908,335.1727,343.275,12.65093,-2.290308,-1.938311,12.28997
-8.147655,25.52713,134.724,41.47905,335.1729,343.2752,12.65092,-2.290074,-1.938259,12.29002
-8.287522,25.41325,135.46,41.47895,335.1735,343.2761,12.6509,-2.289515,-1.938123,12.29012
-8.38074,25.33733,135.9507,41.49379,335.3062,343.2801,12.6509,-2.289239,-1.938047,12.29018
-8.427281,25.29938,136.196,41.51754,335.5177,343.2862,12.65087,-2.288485,-1.938042,12.2903
-8.565519,25.18546,136.9323,41.64166,336.6256,343.319,12.6508,-2.264716,-1.9396,12.29437
-8.610689,25.14742,137.1779,41.69054,337.0637,343.3329,12.65095,-2.24438,-1.94121,12.29801
-8.698857,25.0712,137.6695,41.78845,337.9445,343.3622,12.65172,-2.182876,-1.946484,12.30903
-8.82408,24.95628,138.4081,41.92217,339.155,343.4058,12.65397,-2.046808,-1.958918,12.33272
-8.863639,24.91779,138.6546,41.96144,339.5122,343.4195,12.65499,-1.993054,-1.963961,12.34177
-8.939233,24.84048,139.1483,42.03119,340.1493,343.4446,12.65736,-1.878229,-1.974859,12.36046
-9.010049,24.76274,139.6427,42.0896,340.6848,343.4667,12.66009,-1.758902,-1.986293,12.37897
-9.076158,24.68456,140.1378,42.13761,341.1268,343.4855,12.66303,-1.640301,-1.997708,12.39641
-9.137776,24.60596,140.6336,42.17653,341.4863,343.5013,12.66603,-1.526338,-2.008686,12.41224
-9.195214,24.52698,141.1299,42.20771,341.7755,343.5143,12.66894,-1.419686,-2.018944,12.4262
-9.248838,24.44764,141.6266,42.23249,342.0059,343.525,12.67166,-1.321972,-2.028312,12.43822
-9.299043,24.36798,142.1237,42.25201,342.188,343.5336,12.67412,-1.233987,-2.036711,12.44839
-9.346221,24.28804,142.6211,42.26731,342.3312,343.5405,12.67628,-1.1559,-2.044129,12.45687
-9.390752,24.20785,143.1189,42.27921,342.443,343.5461,12.67815,-1.087438,-2.050598,12.46387
-9.412137,24.16768,143.3678,42.28411,342.4892,343.5485,12.67897,-1.056646,-2.053496,12.46688
-9.473264,24.04687,144.1149,42.29548,342.5973,343.5541,12.68105,-0.9769494,-2.060958,12.47425
-9.511861,23.96614,144.6131,42.30093,342.6492,343.557,12.68213,-0.9333616,-2.065011,12.47803
-9.530613,23.92572,144.8622,42.30315,342.6706,343.5583,12.6826,-0.9141134,-2.066794,12.47963
-9.585029,23.80431,145.6099,42.30822,342.72,343.5613,12.68375,-0.865302,-2.071293,12.48353
-9.602636,23.76379,145.8591,42.30948,342.7325,343.5621,12.68405,-0.8516791,-2.072543,12.48457
-9.637191,23.68269,146.3577,42.31154,342.7531,343.5636,12.68458,-0.8278522,-2.074718,12.48634
-9.687643,23.56091,147.1057,42.31369,342.7752,343.5654,12.68518,-0.7994183,-2.077297,12.48837
-9.704157,23.52029,147.355,42.31422,342.7809,343.5659,12.68533,-0.7915906,-2.078001,12.48892
-9.736808,23.43902,147.8537,42.31504,342.7901,343.5668,12.6856,-0.7780195,-2.079217,12.48984
-9.769032,23.35771,148.3525,42.31564,342.7971,343.5677,12.68582,-0.7668489,-2.08021,12.49058
-9.800908,23.27637,148.8513,42.31606,342.8025,343.5684,12.68599,-0.7576827,-2.081017,12.49118
-9.832498,23.19501,149.35,42.31634,342.8067,343.5691,12.68612,-0.7501819,-2.08167,12.49166
-9.863854,23.11362,149.8488,42.31654,342.8098,343.5698,12.68623,-0.7440578,-2.082195,12.49205
-9.879458,23.07292,150.0983,42.3166,342.8112,343.5701,12.68628,-0.7414364,-2.082417,12.49221
-9.910544,22.99151,150.5971,42.31667,342.8133,343.5707,12.68635,-0.736941,-2.082791,12.49249
-9.956922,22.86938,151.3453,42.3167,342.8158,343.5716,12.68643,-0.7317368,-2.08321,12.49281
-9.987708,22.78795,151.8441,42.31667,342.817,343.5721,12.68647,-0.7290804,-2.083416,12.49298
-10.00307,22.74723,152.0936,42.31665,342.8175,343.5724,12.68649,-0.7279499,-2.083499,12.49304
-10.04905,22.62507,152.8418,42.31655,342.8188,343.5732,12.68653,-0.7252044,-2.083692,12.49321
-10.07964,22.54363,153.3407,42.31646,342.8195,343.5738,12.68655,-0.7238128,-2.08378,12.49329
-10.09492,22.5029,153.5901,42.31643,342.8198,343.574,12.68655,-0.7232229,-2.083814,12.49333
-10.14069,22.38073,154.3383,42.31627,342.8206,343.5748,12.68657,-0.7217984,-2.083884,12.49342
-10.15594,22.34001,154.5878,42.31622,342.8209,343.5751,12.68657,-0.7214204,-2.083898,12.49344
-10.18641,22.25856,155.0866,42.3161,342.8213,343.5756,12.68658,-0.7207806,-2.083917,12.49348
-10.23208,22.13639,155.8349,42.31594,342.8219,343.5764,12.68658,-0.7200582,-2.083922,12.49352
-10.2473,22.09566,156.0843,42.31587,342.8221,343.5767,12.68658,-0.7198683,-2.08392,12.49354
-10.27773,22.01422,156.5832,42.31575,342.8224,343.5772,12.68658,-0.7195504,-2.083909,12.49356
-10.30814,21.93277,157.0821,42.31564,342.8228,343.5777,12.68658,-0.7193004,-2.083892,12.49357
-10.33541,21.86098,157.5702,30.20671,344.8374,344.7763,12.48986,-0.6664246,-1.921471,12.32316
-10.35456,21.80342,158.0329,16.14424,346.6297,345.4875,11.88006,-0.4708587,-1.491711,11.77663
-10.36077,21.77581,158.2539,7.006313,347.6487,345.6928,11.53424,-0.3671474,-1.465343,11.43489
-10.37845,21.63124,158.8755,7.006077,347.6487,345.6933,10.67875,-0.2302379,-2.447998,10.39182
-10.38408,21.56323,159.0707,7.005997,347.6487,345.6935,10.50975,-0.2234534,-2.947116,10.0856
-10.40025,21.30337,159.6234,7.005763,347.6487,345.6941,10.2363,-0.2050178,-4.371779,9.253507
-10.41041,21.0874,159.9642,7.005605,347.6487,345.6945,10.15949,-0.1928439,-5.236205,8.704038
-10.41529,20.96814,160.1257,7.005527,347.6487,345.6946,10.1276,-0.1864482,-5.631622,8.415366
-10.42908,20.57301,160.5716,7.00529,347.6487,345.6952,9.994168,-0.1656175,-6.631579,7.475168
-10.43338,20.4311,160.7068,7.005214,347.6487,345.6954,9.929708,-0.1582185,-6.897616,7.141215
-10.44153,20.13581,160.9568,7.005055,347.6487,345.6958,9.772467,-0.1431285,-7.331261,6.460126
-10.45265,19.67213,161.282,7.004819,347.6487,345.6963,9.494974,-0.1208939,-7.769545,5.456563
-10.45608,19.51374,161.3778,7.004739,347.6487,345.6965,9.400054,-0.1138419,-7.870593,5.138269
-10.46255,19.19311,161.552,7.004582,347.6487,345.6969,9.217248,-0.1005263,-8.022516,4.537267
-10.47139,18.70568,161.7741,7.004347,347.6487,345.6974,8.976295,-0.08280117,-8.160884,3.737242
-10.47933,18.21379,161.9557,7.004109,347.6487,345.698,8.785253,-0.06783893,-8.234118,3.06192
-10.4818,18.04924,162.0084,7.004031,347.6487,345.6982,8.732583,-0.06343267,-8.249665,2.863043
-10.48419,17.88449,162.0576,7.003953,347.6487,345.6984,8.68502,-0.05929777,-8.262136,2.676413
-10.48877,17.55455,162.1464,7.003796,347.6487,345.6988,8.603904,-0.05178973,-8.280121,2.337537
-10.49309,17.22419,162.2238,7.003638,347.6487,345.6991,8.539123,-0.04520851,-8.29162,2.040492
-10.49719,16.89357,162.291,7.003482,347.6487,345.6995